EPSG:3826
208338.079 2610073.274 365.692 2971 412 MAX_0488.JPG no1
208338.079 2610073.274 365.692 5388 2032 MAX_0490.JPG no1
208338.079 2610073.274 365.692 3590 1787 MAX_0499.JPG no1
208321.384 2610011.857 370.119 1527 511 MAX_0502.JPG no2
208321.384 2610011.857 370.119 1994 1602 MAX_0519.JPG no2
208321.384 2610011.857 370.119 1952 2303 MAX_0520.JPG no2
208311.135 2609976.758 380.817 2699 2116 MAX_0518.JPG no3
208311.135 2609976.758 380.817 3912 2234 MAX_0536.JPG no3
208311.135 2609976.758 380.817 3852 2995 MAX_0537.JPG no3
208315.507 2609880.947 418.195 3704 2488 MAX_0547.JPG no4
208315.507 2609880.947 418.195 358 318 MAX_0548.JPG no4
208315.507 2609880.947 418.195 3806 1246 MAX_0546.JPG no4
208380.064 2610022.495 372.364 3118 1879 MAX_0522.JPG no5
208380.064 2610022.495 372.364 3396 2398 MAX_0532.JPG no5
208380.064 2610022.495 372.364 3501 966 MAX_0530.JPG no5